diary on
%Chapter 2 Examples and Notes PART 1%

%Ex 2.1.1.
a = 5; x = 2; y = 8;
y = exp(-a)*sin(x)+10*sqrt(y)

y =

   28.2904


%Logarithms
log(142)

ans =

    4.9558


%Trigonometry
sin(pi/4)

ans =

    0.7071


%Exponentials
exp(10) %exp is representative of e=2.71

ans =

   2.2026e+04

%Graphing
x = [1 2 3 4 5 6]

x =

     1     2     3     4     5     6

y = [3 -1 2 4 5 1]

y =

     3    -1     2     4     5     1

plot(x,y)

%graph 2
x = 0:pi/100:2*pi

x =

  Columns 1 through 8

         0    0.0314    0.0628    0.0942    0.1257    0.1571    0.1885    0.2199

  Columns 9 through 16

    0.2513    0.2827    0.3142    0.3456    0.3770    0.4084    0.4398    0.4712

  Columns 17 through 24

    0.5027    0.5341    0.5655    0.5969    0.6283    0.6597    0.6912    0.7226

  Columns 25 through 32

    0.7540    0.7854    0.8168    0.8482    0.8796    0.9111    0.9425    0.9739

  Columns 33 through 40

    1.0053    1.0367    1.0681    1.0996    1.1310    1.1624    1.1938    1.2252

  Columns 41 through 48

    1.2566    1.2881    1.3195    1.3509    1.3823    1.4137    1.4451    1.4765

  Columns 49 through 56

    1.5080    1.5394    1.5708    1.6022    1.6336    1.6650    1.6965    1.7279

  Columns 57 through 64

    1.7593    1.7907    1.8221    1.8535    1.8850    1.9164    1.9478    1.9792

  Columns 65 through 72

    2.0106    2.0420    2.0735    2.1049    2.1363    2.1677    2.1991    2.2305

  Columns 73 through 80

    2.2619    2.2934    2.3248    2.3562    2.3876    2.4190    2.4504    2.4819

  Columns 81 through 88

    2.5133    2.5447    2.5761    2.6075    2.6389    2.6704    2.7018    2.7332

  Columns 89 through 96

    2.7646    2.7960    2.8274    2.8588    2.8903    2.9217    2.9531    2.9845

  Columns 97 through 104

    3.0159    3.0473    3.0788    3.1102    3.1416    3.1730    3.2044    3.2358

  Columns 105 through 112

    3.2673    3.2987    3.3301    3.3615    3.3929    3.4243    3.4558    3.4872

  Columns 113 through 120

    3.5186    3.5500    3.5814    3.6128    3.6442    3.6757    3.7071    3.7385

  Columns 121 through 128

    3.7699    3.8013    3.8327    3.8642    3.8956    3.9270    3.9584    3.9898

  Columns 129 through 136

    4.0212    4.0527    4.0841    4.1155    4.1469    4.1783    4.2097    4.2412

  Columns 137 through 144

    4.2726    4.3040    4.3354    4.3668    4.3982    4.4296    4.4611    4.4925

  Columns 145 through 152

    4.5239    4.5553    4.5867    4.6181    4.6496    4.6810    4.7124    4.7438

  Columns 153 through 160

    4.7752    4.8066    4.8381    4.8695    4.9009    4.9323    4.9637    4.9951

  Columns 161 through 168

    5.0265    5.0580    5.0894    5.1208    5.1522    5.1836    5.2150    5.2465

  Columns 169 through 176

    5.2779    5.3093    5.3407    5.3721    5.4035    5.4350    5.4664    5.4978

  Columns 177 through 184

    5.5292    5.5606    5.5920    5.6235    5.6549    5.6863    5.7177    5.7491

  Columns 185 through 192

    5.7805    5.8119    5.8434    5.8748    5.9062    5.9376    5.9690    6.0004

  Columns 193 through 200

    6.0319    6.0633    6.0947    6.1261    6.1575    6.1889    6.2204    6.2518

  Column 201

    6.2832

y = sin(x)

y =

  Columns 1 through 8

         0    0.0314    0.0628    0.0941    0.1253    0.1564    0.1874    0.2181

  Columns 9 through 16

    0.2487    0.2790    0.3090    0.3387    0.3681    0.3971    0.4258    0.4540

  Columns 17 through 24

    0.4818    0.5090    0.5358    0.5621    0.5878    0.6129    0.6374    0.6613

  Columns 25 through 32

    0.6845    0.7071    0.7290    0.7501    0.7705    0.7902    0.8090    0.8271

  Columns 33 through 40

    0.8443    0.8607    0.8763    0.8910    0.9048    0.9178    0.9298    0.9409

  Columns 41 through 48

    0.9511    0.9603    0.9686    0.9759    0.9823    0.9877    0.9921    0.9956

  Columns 49 through 56

    0.9980    0.9995    1.0000    0.9995    0.9980    0.9956    0.9921    0.9877

  Columns 57 through 64

    0.9823    0.9759    0.9686    0.9603    0.9511    0.9409    0.9298    0.9178

  Columns 65 through 72

    0.9048    0.8910    0.8763    0.8607    0.8443    0.8271    0.8090    0.7902

  Columns 73 through 80

    0.7705    0.7501    0.7290    0.7071    0.6845    0.6613    0.6374    0.6129

  Columns 81 through 88

    0.5878    0.5621    0.5358    0.5090    0.4818    0.4540    0.4258    0.3971

  Columns 89 through 96

    0.3681    0.3387    0.3090    0.2790    0.2487    0.2181    0.1874    0.1564

  Columns 97 through 104

    0.1253    0.0941    0.0628    0.0314    0.0000   -0.0314   -0.0628   -0.0941

  Columns 105 through 112

   -0.1253   -0.1564   -0.1874   -0.2181   -0.2487   -0.2790   -0.3090   -0.3387

  Columns 113 through 120

   -0.3681   -0.3971   -0.4258   -0.4540   -0.4818   -0.5090   -0.5358   -0.5621

  Columns 121 through 128

   -0.5878   -0.6129   -0.6374   -0.6613   -0.6845   -0.7071   -0.7290   -0.7501

  Columns 129 through 136

   -0.7705   -0.7902   -0.8090   -0.8271   -0.8443   -0.8607   -0.8763   -0.8910

  Columns 137 through 144

   -0.9048   -0.9178   -0.9298   -0.9409   -0.9511   -0.9603   -0.9686   -0.9759

  Columns 145 through 152

   -0.9823   -0.9877   -0.9921   -0.9956   -0.9980   -0.9995   -1.0000   -0.9995

  Columns 153 through 160

   -0.9980   -0.9956   -0.9921   -0.9877   -0.9823   -0.9759   -0.9686   -0.9603

  Columns 161 through 168

   -0.9511   -0.9409   -0.9298   -0.9178   -0.9048   -0.8910   -0.8763   -0.8607

  Columns 169 through 176

   -0.8443   -0.8271   -0.8090   -0.7902   -0.7705   -0.7501   -0.7290   -0.7071

  Columns 177 through 184

   -0.6845   -0.6613   -0.6374   -0.6129   -0.5878   -0.5621   -0.5358   -0.5090

  Columns 185 through 192

   -0.4818   -0.4540   -0.4258   -0.3971   -0.3681   -0.3387   -0.3090   -0.2790

  Columns 193 through 200

   -0.2487   -0.2181   -0.1874   -0.1564   -0.1253   -0.0941   -0.0628   -0.0314

  Column 201

   -0.0000

plot(x,y)
xlabel("x = 0:2\pi")
ylabel("Sine of x")
title("Plot of the Sine function")

%Multiple Data sets on one plot
x = 0:pi/100:2*pi

x =

  Columns 1 through 8

         0    0.0314    0.0628    0.0942    0.1257    0.1571    0.1885    0.2199

  Columns 9 through 16

    0.2513    0.2827    0.3142    0.3456    0.3770    0.4084    0.4398    0.4712

  Columns 17 through 24

    0.5027    0.5341    0.5655    0.5969    0.6283    0.6597    0.6912    0.7226

  Columns 25 through 32

    0.7540    0.7854    0.8168    0.8482    0.8796    0.9111    0.9425    0.9739

  Columns 33 through 40

    1.0053    1.0367    1.0681    1.0996    1.1310    1.1624    1.1938    1.2252

  Columns 41 through 48

    1.2566    1.2881    1.3195    1.3509    1.3823    1.4137    1.4451    1.4765

  Columns 49 through 56

    1.5080    1.5394    1.5708    1.6022    1.6336    1.6650    1.6965    1.7279

  Columns 57 through 64

    1.7593    1.7907    1.8221    1.8535    1.8850    1.9164    1.9478    1.9792

  Columns 65 through 72

    2.0106    2.0420    2.0735    2.1049    2.1363    2.1677    2.1991    2.2305

  Columns 73 through 80

    2.2619    2.2934    2.3248    2.3562    2.3876    2.4190    2.4504    2.4819

  Columns 81 through 88

    2.5133    2.5447    2.5761    2.6075    2.6389    2.6704    2.7018    2.7332

  Columns 89 through 96

    2.7646    2.7960    2.8274    2.8588    2.8903    2.9217    2.9531    2.9845

  Columns 97 through 104

    3.0159    3.0473    3.0788    3.1102    3.1416    3.1730    3.2044    3.2358

  Columns 105 through 112

    3.2673    3.2987    3.3301    3.3615    3.3929    3.4243    3.4558    3.4872

  Columns 113 through 120

    3.5186    3.5500    3.5814    3.6128    3.6442    3.6757    3.7071    3.7385

  Columns 121 through 128

    3.7699    3.8013    3.8327    3.8642    3.8956    3.9270    3.9584    3.9898

  Columns 129 through 136

    4.0212    4.0527    4.0841    4.1155    4.1469    4.1783    4.2097    4.2412

