diary on
a= 22+8, b=sin(a), c=sinh(a)

a =

    30


b =

   -0.9880


c =

   5.3432e+12

8/(9+10^9)+11/12*13/14

ans =

    0.8512

8/9+10^9+11/12*13/14

ans =

   1.0000e+09

diary off
